s 100
4 30 42 85 99 
2 38 95 
0 
1 82 
0 
1 35 
1 23 
3 41 42 99 
3 22 37 54 
4 33 38 54 79 
0 
1 62 
2 39 69 
2 30 61 
2 16 24 
0 
3 14 76 86 
1 94 
2 54 66 
2 20 87 
3 19 83 91 
1 68 
4 8 29 44 88 
2 6 97 
4 14 60 78 82 
2 47 61 
0 
1 94 
1 44 
5 22 49 56 68 71 
4 0 13 40 97 
2 59 73 
2 71 79 
2 9 57 
2 38 99 
1 5 
2 55 63 
3 8 46 54 
4 1 9 34 90 
2 12 62 
2 30 68 
1 7 
2 0 7 
0 
4 22 28 68 72 
1 93 
2 37 79 
2 25 81 
2 54 72 
1 29 
0 
1 92 
2 61 70 
1 98 
6 8 9 18 37 48 86 
3 36 59 90 
2 29 93 
1 33 
2 72 96 
2 31 55 
2 24 67 
4 13 25 52 97 
3 11 39 85 
3 36 91 92 
1 70 
0 
1 18 
1 60 
5 21 29 40 44 74 
2 12 98 
5 52 64 71 88 91 
3 29 32 70 
4 44 48 58 95 
1 31 
1 68 
1 94 
1 16 
0 
1 24 
3 9 32 46 
0 
1 47 
2 3 24 
1 20 
1 93 
2 0 62 
2 16 54 
1 19 
2 22 70 
0 
3 38 55 98 
3 20 63 70 
2 51 63 
3 45 56 84 
4 17 27 75 97 
2 1 72 
1 58 
4 23 30 61 94 
3 53 69 90 
3 0 7 34 
3 1 1 2 1 1 1 3 1 3 1 2 1 3 1 1 2 1 3 1 2 1 3 2 3 1 1 1 2 2 1 2 2 2 1 2 1 3 2 2 2 1 1 1 1 1 2 2 1 1 1 2 3 1 2 2 1 1 2 1 2 2 1 2 2 1 1 1 3 3 1 3 3 1 1 1 1 1 1 1 1 1 1 1 1 2 1 2 2 1 1 3 1 2 2 2 1 3 2 2 
